45
87
34
76
28
65
39
54
42
91
35
79
46
58
49
93
38
67
41
52
45
32
97
41
25
45
98
45
26
46
67
24
79
43
42
47
47
22
48
96
83
73
37
33
63
72
63
75
96
34
37
0
93
72
24
86
43
92
43
43
43
73
73
65
42
37
92
65
44
59
71
64
67
92
24
71
23
02
39
46
57
17
43
71
96
10
23
43
6
93
87
65
43
21
65
43
27
64
32
76
48
92
75
43
10
23
43
65
43
27
96
45
93
67
12
34
9
27
56
34
28
96
74
12
28
43
19
87
65
48
25
43
18
34
54
28
96
74
32
10
3
17
89
26
54
32
71
65
48
96
45
27
34
12
72
34
56
96
72
83
25
64
92
45
76
23
45
87
45
23
45
19
65
64
32
97
45
15
62
90
87
65
34
12
34
96
54
67
89
12
35
46
78
94
65
37
89
76
38
72
65
43
20
96
45
67
83
46
72
95
43
45
12
10
96
45
1
53
46
73
29
65
3
54
57
54
48
47
94
65
45
56
67
56
45
67
64
96
96
65
45
32
65
34
35
26
36
97
64
43
67
46
45
96
83
67
67
93
67
93
84
67
93
84
73
67
93
84
73
82
67
93
84
73
82
35
72
86
93
38
76
54
32
94
36
74
83
24
67
83
25
43
87
92
92
36
45
82
87
93
46
87
42
63
97
46
92
34
65
29
87
96
24
58
13
45
23
94
23
64
86
35
27
96
64
32
98
76
10
23
45
67